81.9811 0.1 0.904613 0.320882
81.9811 0.3 0.630103 0.211981
81.9811 0.5 0.484489 0.191289
81.9811 0.7 0.412482 0.182296
81.9811 0.9 0.372355 0.179675
81.9811 1.1 0.345536 0.176711
81.9811 1.3 0.324583 0.174621
81.9811 1.5 0.30875 0.17357
81.9811 1.7 0.297617 0.171895
81.9811 1.9 0.285235 0.168735
81.9811 2.1 0.275293 0.16994
81.9811 2.3 0.267444 0.167014
81.9811 2.5 0.259506 0.166152
81.9811 2.7 0.25398 0.164954
81.9811 2.9 0.247291 0.165215
81.9811 3.1 0.242277 0.162393
81.9811 3.3 0.237845 0.163521
81.9811 3.5 0.234158 0.161273
81.9811 3.7 0.229871 0.160012
81.9811 3.9 0.227291 0.160091
81.9811 4.1 0.220974 0.156359
81.9811 4.3 0.218221 0.152254
81.9811 4.5 0.214539 0.147504
81.9811 4.7 0.207806 0.153278
81.9811 4.9 0.208259 0.158029
67.0335 0.1 0.940179 0.314143
67.0335 0.3 0.641127 0.191224
67.0335 0.5 0.490344 0.166901
67.0335 0.7 0.415918 0.158751
67.0335 0.9 0.376309 0.153347
67.0335 1.1 0.349298 0.148771
67.0335 1.3 0.328681 0.144358
67.0335 1.5 0.313471 0.14064
67.0335 1.7 0.299919 0.138191
67.0335 1.9 0.289365 0.131317
67.0335 2.1 0.277415 0.127559
67.0335 2.3 0.27363 0.12381
67.0335 2.5 0.263297 0.11789
67.0335 2.7 0.256806 0.116706
67.0335 2.9 0.251146 0.110474
67.0335 3.1 0.247282 0.111201
67.0335 3.3 0.241038 0.106051
67.0335 3.5 0.238825 0.102701
67.0335 3.7 0.232026 0.102494
67.0335 3.9 0.230328 0.0990582
67.0335 4.1 0.225886 0.0988162
67.0335 4.3 0.224973 0.0986073
67.0335 4.5 0.216615 0.0838464
67.0335 4.7 0.21315 0.0950268
67.0335 4.9 0.205057 0.0864936
54.6655 0.1 0.945108 0.283963
54.6655 0.3 0.64442 0.171032
54.6655 0.5 0.493861 0.146268
54.6655 0.7 0.421349 0.133954
54.6655 0.9 0.382057 0.12683
54.6655 1.1 0.35477 0.11977
54.6655 1.3 0.335237 0.113087
54.6655 1.5 0.318978 0.108058
54.6655 1.7 0.306362 0.101879
54.6655 1.9 0.295917 0.0975766
54.6655 2.1 0.285755 0.0885665
54.6655 2.3 0.27993 0.0892613
54.6655 2.5 0.274338 0.0825328
54.6655 2.7 0.264995 0.0791507
54.6655 2.9 0.260526 0.0735595
54.6655 3.1 0.255341 0.0777696
54.6655 3.3 0.251446 0.0749086
54.6655 3.5 0.246314 0.0739193
54.6655 3.7 0.243288 0.0723362
54.6655 3.9 0.23996 0.0667579
54.6655 4.1 0.237531 0.0641579
54.6655 4.3 0.233119 0.0607383
54.6655 4.5 0.227203 0.0545362
54.6655 4.7 0.230197 0.0498619
54.6655 4.9 0.217542 0.0619086
45.1198 0.1 0.948702 0.257249
45.1198 0.3 0.645463 0.150274
45.1198 0.5 0.497988 0.125494
45.1198 0.7 0.426492 0.111586
45.1198 0.9 0.387247 0.100923
45.1198 1.1 0.361115 0.0941696
45.1198 1.3 0.341086 0.0852962
45.1198 1.5 0.326026 0.0777316
45.1198 1.7 0.312988 0.0720137
45.1198 1.9 0.303903 0.0696371
45.1198 2.1 0.294814 0.0634827
45.1198 2.3 0.286997 0.0566246
45.1198 2.5 0.282424 0.0507854
45.1198 2.7 0.275727 0.0485085
45.1198 2.9 0.271446 0.0460644
45.1198 3.1 0.26564 0.0450518
45.1198 3.3 0.26245 0.0403224
45.1198 3.5 0.255592 0.0418201
45.1198 3.7 0.254248 0.0371306
45.1198 3.9 0.247208 0.0297764
45.1198 4.1 0.245833 0.0340719
45.1198 4.3 0.239779 0.0291531
45.1198 4.5 0.236332 0.0242944
45.1198 4.7 0.230921 0.0234757
45.1198 4.9 0.228119 0.0164254
37.9208 0.1 0.951314 0.23275
37.9208 0.3 0.649611 0.130242
37.9208 0.5 0.502703 0.101938
37.9208 0.7 0.431236 0.0861758
37.9208 0.9 0.391699 0.0757755
37.9208 1.1 0.364767 0.063748
37.9208 1.3 0.34538 0.0558505
37.9208 1.5 0.330743 0.0480969
37.9208 1.7 0.316293 0.0429877
37.9208 1.9 0.308049 0.0356536
37.9208 2.1 0.298339 0.0321188
37.9208 2.3 0.290509 0.0280513
37.9208 2.5 0.28283 0.0170889
37.9208 2.7 0.277351 0.0146527
37.9208 2.9 0.275222 0.012247
37.9208 3.1 0.266743 0.00465703
37.9208 3.3 0.261413 0.00270099
37.9208 3.5 0.260526 0.00401526
37.9208 3.7 0.255131 0.00223414
37.9208 3.9 0.25237 -0.000599114
37.9208 4.1 0.249836 -0.00768366
37.9208 4.3 0.247772 -0.00603747
37.9208 4.5 0.245304 -0.00182557
37.9208 4.7 0.23929 -0.0222216
37.9208 4.9 0.227263 -0.00882674
32.4666 0.1 0.956292 0.212885
32.4666 0.3 0.651082 0.113429
32.4666 0.5 0.504271 0.0861948
32.4666 0.7 0.431253 0.066991
32.4666 0.9 0.392103 0.0543008
32.4666 1.1 0.366616 0.0444359
32.4666 1.3 0.345828 0.03446
32.4666 1.5 0.330275 0.0270592
32.4666 1.7 0.318649 0.0200416
32.4666 1.9 0.306424 0.015589
32.4666 2.1 0.29876 0.010145
32.4666 2.3 0.292294 0.00237999
32.4666 2.5 0.287437 -0.00123647
32.4666 2.7 0.278394 -0.00710697
32.4666 2.9 0.27644 -0.0110512
32.4666 3.1 0.26714 -0.0126201
32.4666 3.3 0.259624 -0.0168849
32.4666 3.5 0.260481 -0.0202026
32.4666 3.7 0.25638 -0.022134
32.4666 3.9 0.250348 -0.0201689
32.4666 4.1 0.245185 -0.0298795
32.4666 4.3 0.245602 -0.0282772
32.4666 4.5 0.237323 -0.0369932
32.4666 4.7 0.229616 -0.0291233
32.4666 4.9 0.238231 -0.0375096
28.2654 0.1 0.960358 0.197735
28.2654 0.3 0.654072 0.103459
28.2654 0.5 0.508535 0.0725368
28.2654 0.7 0.43521 0.0519501
28.2654 0.9 0.396457 0.0367957
28.2654 1.1 0.370156 0.0261719
28.2654 1.3 0.349505 0.0147857
28.2654 1.5 0.335204 0.00835227
28.2654 1.7 0.322698 -0.00202422
28.2654 1.9 0.312054 -0.00713023
28.2654 2.1 0.301355 -0.0133829
28.2654 2.3 0.296642 -0.0157691
28.2654 2.5 0.288953 -0.0225759
28.2654 2.7 0.283317 -0.0280732
28.2654 2.9 0.276185 -0.0345324
28.2654 3.1 0.269706 -0.0363541
28.2654 3.3 0.266571 -0.0418713
28.2654 3.5 0.261034 -0.0398386
28.2654 3.7 0.260918 -0.0447363
28.2654 3.9 0.250329 -0.0542375
28.2654 4.1 0.251973 -0.0437327
28.2654 4.3 0.251246 -0.0572229
28.2654 4.5 0.244018 -0.0565097
28.2654 4.7 0.237547 -0.0574354
28.2654 4.9 0.239493 -0.0866469
24.9637 0.1 0.958836 0.184951
24.9637 0.3 0.653377 0.0931768
24.9637 0.5 0.508455 0.0632223
24.9637 0.7 0.437231 0.0413391
24.9637 0.9 0.395629 0.0260994
24.9637 1.1 0.369122 0.0131718
24.9637 1.3 0.351787 0.00352727
24.9637 1.5 0.33618 -0.00514909
24.9637 1.7 0.322945 -0.0122253
24.9637 1.9 0.313567 -0.0205652
24.9637 2.1 0.302529 -0.0285103
24.9637 2.3 0.29417 -0.0299456
24.9637 2.5 0.286738 -0.0364079
24.9637 2.7 0.279195 -0.0413447
24.9637 2.9 0.277516 -0.0500573
24.9637 3.1 0.273529 -0.0533178
24.9637 3.3 0.26809 -0.0590282
24.9637 3.5 0.263274 -0.0563421
24.9637 3.7 0.257536 -0.058189
24.9637 3.9 0.252031 -0.0653197
24.9637 4.1 0.251196 -0.0619346
24.9637 4.3 0.242444 -0.0654481
24.9637 4.5 0.240385 -0.0673332
24.9637 4.7 0.240828 -0.0729008
24.9637 4.9 0.238733 -0.0741754
22.3173 0.1 0.959225 0.175263
22.3173 0.3 0.653929 0.0800748
22.3173 0.5 0.509226 0.050774
22.3173 0.7 0.438542 0.0305017
22.3173 0.9 0.39832 0.0161899
22.3173 1.1 0.370241 0.00102347
22.3173 1.3 0.351885 -0.00594512
22.3173 1.5 0.336606 -0.0177136
22.3173 1.7 0.322309 -0.0263704
22.3173 1.9 0.309154 -0.0310899
22.3173 2.1 0.302315 -0.0408681
22.3173 2.3 0.296696 -0.0450421
22.3173 2.5 0.289602 -0.0500355
22.3173 2.7 0.283216 -0.0546772
22.3173 2.9 0.277058 -0.0590804
22.3173 3.1 0.271121 -0.0636868
22.3173 3.3 0.267993 -0.0670702
22.3173 3.5 0.265994 -0.069879
22.3173 3.7 0.25794 -0.0716778
22.3173 3.9 0.253043 -0.0767045
22.3173 4.1 0.251627 -0.0759711
22.3173 4.3 0.245639 -0.0748751
22.3173 4.5 0.243587 -0.0868822
22.3173 4.7 0.243687 -0.0788826
22.3173 4.9 0.236883 -0.0901029
20.1573 0.1 0.958371 0.161549
20.1573 0.3 0.655596 0.076461
20.1573 0.5 0.510117 0.0469574
20.1573 0.7 0.436258 0.0244667
20.1573 0.9 0.39806 0.00984551
20.1573 1.1 0.373251 -0.00604488
20.1573 1.3 0.352036 -0.0171053
20.1573 1.5 0.334273 -0.024549
20.1573 1.7 0.324713 -0.0313733
20.1573 1.9 0.317075 -0.0444095
20.1573 2.1 0.305565 -0.0467961
20.1573 2.3 0.297142 -0.0513788
20.1573 2.5 0.289845 -0.0596324
20.1573 2.7 0.283497 -0.0671141
20.1573 2.9 0.279517 -0.0746393
20.1573 3.1 0.275593 -0.0683782
20.1573 3.3 0.266837 -0.0786353
20.1573 3.5 0.261271 -0.0738582
20.1573 3.7 0.262766 -0.0852263
20.1573 3.9 0.25482 -0.0807702
20.1573 4.1 0.251319 -0.0808086
20.1573 4.3 0.248244 -0.0847255
20.1573 4.5 0.233352 -0.0851853
20.1573 4.7 0.247119 -0.0934935
20.1573 4.9 0.25093 -0.100221
18.3656 0.1 0.959155 0.155073
18.3656 0.3 0.654187 0.0713125
18.3656 0.5 0.512421 0.0384591
18.3656 0.7 0.436663 0.0187223
18.3656 0.9 0.401246 -0.000689327
18.3656 1.1 0.373014 -0.0152929
18.3656 1.3 0.35459 -0.0223678
18.3656 1.5 0.339641 -0.0396421
18.3656 1.7 0.327665 -0.0405979
18.3656 1.9 0.316487 -0.0497976
18.3656 2.1 0.307835 -0.057791
18.3656 2.3 0.298237 -0.0643901
18.3656 2.5 0.286544 -0.0671989
18.3656 2.7 0.283505 -0.0732261
18.3656 2.9 0.277567 -0.0813153
18.3656 3.1 0.273709 -0.0737436
18.3656 3.3 0.267859 -0.0787378
18.3656 3.5 0.261282 -0.0854036
18.3656 3.7 0.256168 -0.0955906
18.3656 3.9 0.257748 -0.0819164
18.3656 4.1 0.252694 -0.0927366
18.3656 4.3 0.247681 -0.0906457
18.3656 4.5 0.244406 -0.108344
18.3656 4.7 0.236938 -0.0962029
18.3656 4.9 0.244006 -0.109712
16.8582 0.1 0.953152 0.142604
16.8582 0.3 0.65263 0.0619413
16.8582 0.5 0.508776 0.0335351
16.8582 0.7 0.437175 0.0121364
16.8582 0.9 0.398686 -0.0029324
16.8582 1.1 0.375539 -0.0188876
16.8582 1.3 0.352784 -0.0281793
16.8582 1.5 0.340707 -0.0376193
16.8582 1.7 0.323888 -0.0523042
16.8582 1.9 0.314879 -0.0515092
16.8582 2.1 0.307499 -0.0660359
16.8582 2.3 0.301041 -0.067053
16.8582 2.5 0.291003 -0.0669074
16.8582 2.7 0.285531 -0.0796906
16.8582 2.9 0.278998 -0.0912998
16.8582 3.1 0.275208 -0.0856348
16.8582 3.3 0.270112 -0.0947573
16.8582 3.5 0.26965 -0.0936201
16.8582 3.7 0.260691 -0.0961402
16.8582 3.9 0.263032 -0.0963179
16.8582 4.1 0.243248 -0.104044
16.8582 4.3 0.241635 -0.110532
16.8582 4.5 0.250732 -0.106223
16.8582 4.7 0.242175 -0.114464
16.8582 4.9 0.249301 -0.0850647
15.574 0.1 0.94618 0.142466
15.574 0.3 0.64997 0.0654864
15.574 0.5 0.511171 0.0342837
15.574 0.7 0.442595 0.00991975
15.574 0.9 0.404468 -0.00451677
15.574 1.1 0.378764 -0.0191976
15.574 1.3 0.355699 -0.0366138
15.574 1.5 0.341347 -0.0492278
15.574 1.7 0.326195 -0.0541322
15.574 1.9 0.312983 -0.0550551
15.574 2.1 0.311099 -0.0641398
15.574 2.3 0.298719 -0.0732316
15.574 2.5 0.288788 -0.0836403
15.574 2.7 0.284862 -0.0762284
15.574 2.9 0.278868 -0.0862071
15.574 3.1 0.275239 -0.0873749
15.574 3.3 0.26963 -0.106903
15.574 3.5 0.265747 -0.100026
15.574 3.7 0.260586 -0.101066
15.574 3.9 0.259498 -0.111688
15.574 4.1 0.252269 -0.117148
15.574 4.3 0.249893 -0.124547
15.574 4.5 0.243305 -0.11418
15.574 4.7 0.231626 -0.106237
15.574 4.9 0.238305 -0.11362
14.4678 0.1 0.954669 0.151956
14.4678 0.3 0.652616 0.0775134
14.4678 0.5 0.510497 0.0403524
14.4678 0.7 0.442677 0.0151503
14.4678 0.9 0.401593 -0.000241653
14.4678 1.1 0.375946 -0.017078
14.4678 1.3 0.356531 -0.0275973
14.4678 1.5 0.338332 -0.0438448
14.4678 1.7 0.327062 -0.0566962
14.4678 1.9 0.319075 -0.0607289
14.4678 2.1 0.30753 -0.0670049
14.4678 2.3 0.300104 -0.0756575
14.4678 2.5 0.295997 -0.0685137
14.4678 2.7 0.284361 -0.0911343
14.4678 2.9 0.287366 -0.0863815
14.4678 3.1 0.279357 -0.0982379
14.4678 3.3 0.267763 -0.098268
14.4678 3.5 0.265215 -0.0952451
14.4678 3.7 0.261304 -0.111705
14.4678 3.9 0.256204 -0.107132
14.4678 4.1 0.255808 -0.118065
14.4678 4.3 0.262315 -0.113772
14.4678 4.5 0.243232 -0.111173
14.4678 4.7 0.251577 -0.116303
14.4678 4.9 0.213747 -0.142685
13.5057 0.1 0.956713 0.142006
13.5057 0.3 0.652652 0.0683948
13.5057 0.5 0.508621 0.0307663
13.5057 0.7 0.443584 0.00361001
13.5057 0.9 0.402613 -0.0129205
13.5057 1.1 0.374727 -0.0270525
13.5057 1.3 0.35349 -0.0413738
13.5057 1.5 0.337696 -0.0510154
13.5057 1.7 0.328141 -0.0575746
13.5057 1.9 0.312586 -0.0623702
13.5057 2.1 0.305561 -0.0836962
13.5057 2.3 0.297877 -0.0888387
13.5057 2.5 0.296416 -0.0947905
13.5057 2.7 0.284681 -0.0986906
13.5057 2.9 0.280972 -0.0982727
13.5057 3.1 0.278506 -0.0983753
13.5057 3.3 0.268112 -0.115463
13.5057 3.5 0.268522 -0.105745
13.5057 3.7 0.260757 -0.0986301
13.5057 3.9 0.264784 -0.113552
13.5057 4.1 0.26092 -0.0954552
13.5057 4.3 0.248434 -0.123238
13.5057 4.5 0.248874 -0.115496
13.5057 4.7 0.225473 -0.147167
13.5057 4.9 0.234592 -0.117876
12.6618 0.1 0.970888 0.138133
12.6618 0.3 0.6548 0.0670035
12.6618 0.5 0.51458 0.030343
12.6618 0.7 0.436947 0.00406909
12.6618 0.9 0.402245 -0.0095251
12.6618 1.1 0.374377 -0.0263544
12.6618 1.3 0.357379 -0.0459748
12.6618 1.5 0.341579 -0.0509334
12.6618 1.7 0.330159 -0.0624305
12.6618 1.9 0.315518 -0.0806497
12.6618 2.1 0.304977 -0.07819
12.6618 2.3 0.29497 -0.0811024
12.6618 2.5 0.292962 -0.0790703
12.6618 2.7 0.281205 -0.0953678
12.6618 2.9 0.281626 -0.0985406
12.6618 3.1 0.269942 -0.105104
12.6618 3.3 0.267059 -0.111119
12.6618 3.5 0.265456 -0.106477
12.6618 3.7 0.265076 -0.108228
12.6618 3.9 0.262531 -0.0963107
12.6618 4.1 0.248618 -0.107392
12.6618 4.3 0.237276 -0.124065
12.6618 4.5 0.248851 -0.145762
12.6618 4.7 0.259394 -0.120551
12.6618 4.9 0.253906 -0.149221
11.9157 0.1 0.971469 0.148357
11.9157 0.3 0.657873 0.0654965
11.9157 0.5 0.517705 0.0319637
11.9157 0.7 0.4413 -0.00339497
11.9157 0.9 0.404537 -0.0161987
11.9157 1.1 0.380222 -0.029431
11.9157 1.3 0.358189 -0.0378707
11.9157 1.5 0.347206 -0.0515704
11.9157 1.7 0.33418 -0.0670985
11.9157 1.9 0.317874 -0.0673143
11.9157 2.1 0.30786 -0.0716631
11.9157 2.3 0.297361 -0.0754087
11.9157 2.5 0.293861 -0.103745
11.9157 2.7 0.276203 -0.101838
11.9157 2.9 0.281944 -0.0983293
11.9157 3.1 0.271374 -0.116915
11.9157 3.3 0.270442 -0.126801
11.9157 3.5 0.274859 -0.102138
11.9157 3.7 0.25903 -0.122818
11.9157 3.9 0.255407 -0.121201
11.9157 4.1 0.251852 -0.122881
11.9157 4.3 0.23991 -0.125229
11.9157 4.5 0.260933 -0.0967305
11.9157 4.7 0.237861 -0.141251
11.9157 4.9 0.23286 -0.109886
11.2517 0.1 0.966613 0.140869
11.2517 0.3 0.660653 0.0557996
11.2517 0.5 0.51668 0.0335008
11.2517 0.7 0.442153 0.00298209
11.2517 0.9 0.402866 -0.014121
11.2517 1.1 0.373488 -0.0213623
11.2517 1.3 0.35653 -0.0464494
11.2517 1.5 0.336682 -0.059688
11.2517 1.7 0.337104 -0.0678861
11.2517 1.9 0.312072 -0.063891
11.2517 2.1 0.306364 -0.0855259
11.2517 2.3 0.304757 -0.0890445
11.2517 2.5 0.301502 -0.0807797
11.2517 2.7 0.293112 -0.0843771
11.2517 2.9 0.269827 -0.0960083
11.2517 3.1 0.279766 -0.10265
11.2517 3.3 0.275935 -0.106362
11.2517 3.5 0.258335 -0.102357
11.2517 3.7 0.264084 -0.122105
11.2517 3.9 0.267926 -0.106601
11.2517 4.1 0.253884 -0.10394
11.2517 4.3 0.249331 -0.113612
11.2517 4.5 0.246546 -0.121405
11.2517 4.7 0.263858 -0.12956
11.2517 4.9 0.227903 -0.142067
10.657 0.1 0.956821 0.139009
10.657 0.3 0.654295 0.0561441
10.657 0.5 0.511322 0.0276657
10.657 0.7 0.435362 -0.00291773
10.657 0.9 0.405752 -0.0223592
10.657 1.1 0.369964 -0.0333266
10.657 1.3 0.358139 -0.045109
10.657 1.5 0.343601 -0.0502316
10.657 1.7 0.332059 -0.0654212
10.657 1.9 0.32037 -0.067946
10.657 2.1 0.308232 -0.0875638
10.657 2.3 0.308145 -0.0885919
10.657 2.5 0.284406 -0.0844676
10.657 2.7 0.296643 -0.0852018
10.657 2.9 0.280956 -0.0911636
10.657 3.1 0.277457 -0.103174
10.657 3.3 0.264047 -0.106457
10.657 3.5 0.271719 -0.101303
10.657 3.7 0.267625 -0.122674
10.657 3.9 0.249555 -0.143968
10.657 4.1 0.24679 -0.0956234
10.657 4.3 0.258936 -0.116872
10.657 4.5 0.22732 -0.131889
10.657 4.7 0.223403 -0.119944
10.657 4.9 0.282165 -0.0141804
10.1214 0.1 0.942861 0.121786
10.1214 0.3 0.654998 0.059532
10.1214 0.5 0.517693 0.0318613
10.1214 0.7 0.442033 0.00346835
10.1214 0.9 0.399257 -0.0182066
10.1214 1.1 0.37672 -0.0375397
10.1214 1.3 0.357976 -0.0403102
10.1214 1.5 0.33974 -0.0611881
10.1214 1.7 0.327659 -0.0664927
10.1214 1.9 0.318048 -0.0712179
10.1214 2.1 0.306508 -0.0681833
10.1214 2.3 0.301653 -0.0903381
10.1214 2.5 0.299461 -0.0964053
10.1214 2.7 0.290401 -0.0996202
10.1214 2.9 0.274645 -0.108427
10.1214 3.1 0.28043 -0.103197
10.1214 3.3 0.258697 -0.108431
10.1214 3.5 0.278269 -0.107794
10.1214 3.7 0.257636 -0.115601
10.1214 3.9 0.267203 -0.105832
10.1214 4.1 0.240111 -0.128701
10.1214 4.3 0.260678 -0.122408
10.1214 4.5 0.235485 -0.169726
10.1214 4.7 0.240938 -0.102756
10.1214 4.9 0.255565 -0.187245
9.63657 0.1 0.930358 0.123377
9.63657 0.3 0.641891 0.0460246
9.63657 0.5 0.514127 0.037073
9.63657 0.7 0.439712 0.01508
9.63657 0.9 0.394828 -0.00708237
9.63657 1.1 0.375645 -0.030052
9.63657 1.3 0.362094 -0.0318912
9.63657 1.5 0.339227 -0.0614949
9.63657 1.7 0.327821 -0.0611253
9.63657 1.9 0.33153 -0.0602816
9.63657 2.1 0.314356 -0.0889661
9.63657 2.3 0.295159 -0.0647397
9.63657 2.5 0.29923 -0.0577234
9.63657 2.7 0.297958 -0.0933936
9.63657 2.9 0.292064 -0.0904725
9.63657 3.1 0.27567 -0.0995542
9.63657 3.3 0.281255 -0.0948935
9.63657 3.5 0.269 -0.0958294
9.63657 3.7 0.254036 -0.100976
9.63657 3.9 0.276406 -0.100284
9.63657 4.1 0.24684 -0.1412
9.63657 4.3 0.226698 -0.129369
9.63657 4.5 0.254278 -0.117883
9.63657 4.7 0.242325 -0.08331
9.63657 4.9 0.183941 -0.0561348
9.19574 0.1 0.919632 0.115119
9.19574 0.3 0.630764 0.0617718
9.19574 0.5 0.505625 0.0246315
9.19574 0.7 0.441687 0.00547535
9.19574 0.9 0.404787 -0.0110147
9.19574 1.1 0.376297 -0.00543025
9.19574 1.3 0.348575 -0.0325456
9.19574 1.5 0.333253 -0.0574539
9.19574 1.7 0.336592 -0.0486328
9.19574 1.9 0.322444 -0.0787718
9.19574 2.1 0.309991 -0.053432
9.19574 2.3 0.29993 -0.0969162
9.19574 2.5 0.307086 -0.0700872
9.19574 2.7 0.290044 -0.0768396
9.19574 2.9 0.265733 -0.1135
9.19574 3.1 0.266967 -0.11235
9.19574 3.3 0.256684 -0.128881
9.19574 3.5 0.278245 -0.0842398
9.19574 3.7 0.274562 -0.114391
9.19574 3.9 0.27286 -0.116298
9.19574 4.1 0.256796 -0.067592
9.19574 4.3 0.240945 -0.15363
9.19574 4.5 0.22062 -0.164431
9.19574 4.7 0.234364 -0.136862
9.19574 4.9 0.288501 -0.20166
